src	dst	distance
0	12	11.000000
0	44	7.000000
1	10	32.000000
1	27	145.000000
2	14	16.000000
2	53	14.000000
3	11	57.000000
3	55	8.000000
4	54	198.000000
4	56	48.000000
5	16	18.000000
5	42	28.000000
6	19	48.000000
6	190	28.000000
7	11	112.000000
7	38	77.000000
7	48	94.000000
7	49	92.000000
7	197	58.000000
8	24	6.000000
9	15	58.000000
9	24	60.000000
9	52	96.000000
10	29	158.000000
10	51	35.000000
11	38	63.000000
11	48	80.000000
11	49	78.000000
12	50	23.000000
13	16	57.000000
13	21	64.000000
13	31	31.000000
13	43	113.000000
14	49	47.000000
14	239	45.000000
15	47	20.000000
16	43	86.000000
17	20	144.000000
17	21	50.000000
17	26	8.000000
17	41	21.000000
17	250	33.000000
18	54	16.000000
18	236	16.000000
19	55	14.000000
20	21	176.000000
20	25	160.000000
20	46	133.000000
20	250	159.000000
21	52	48.000000
21	250	43.000000
22	28	43.000000
22	38	6.000000
23	33	16.000000
23	52	21.000000
24	52	60.000000
25	46	67.000000
25	47	31.000000
27	40	54.000000
28	56	92.000000
29	51	177.000000
30	32	9.000000
30	45	20.000000
31	137	95.000000
31	152	77.000000
31	246	54.000000
31	256	85.000000
32	51	28.000000
33	50	11.000000
34	36	40.000000
34	41	73.000000
35	40	52.000000
35	48	28.000000
37	256	45.000000
37	257	13.000000
38	48	45.000000
38	49	43.000000
39	45	25.000000
39	47	38.000000
42	44	43.000000
42	57	53.000000
42	188	130.000000
42	194	136.000000
42	211	132.000000
42	257	99.000000
43	44	108.000000
43	188	75.000000
43	194	81.000000
43	211	77.000000
43	257	44.000000
48	49	60.000000
53	57	36.000000
54	187	185.000000
54	207	235.000000
54	230	41.000000
55	197	114.000000
58	63	55.000000
58	69	49.000000
59	77	13.000000
59	111	3.000000
60	102	66.000000
60	260	5.000000
61	93	12.000000
61	99	12.000000
61	244	60.000000
62	78	20.000000
62	89	31.000000
63	89	19.000000
63	123	11.000000
64	76	17.000000
64	79	35.000000
64	96	29.000000
65	93	47.000000
65	95	26.000000
66	106	16.000000
67	82	31.000000
67	84	26.000000
68	69	11.000000
68	115	22.000000
70	77	52.000000
70	81	107.000000
70	113	8.000000
71	84	13.000000
71	108	8.000000
72	117	25.000000
72	119	12.000000
73	82	36.000000
73	86	33.000000
73	112	67.000000
73	122	45.000000
74	80	38.000000
74	124	77.000000
75	116	73.000000
76	95	18.000000
77	81	133.000000
77	92	62.000000
78	97	82.000000
78	247	41.000000
79	96	48.000000
81	254	7.000000
82	86	21.000000
82	112	55.000000
83	101	90.000000
83	108	93.000000
83	112	54.000000
85	91	17.000000
85	122	7.000000
86	87	19.000000
86	112	52.000000
87	105	40.000000
88	117	55.000000
90	95	33.000000
90	114	19.000000
91	142	73.000000
91	165	60.000000
91	189	61.000000
91	209	67.000000
91	258	45.000000
93	216	46.000000
94	100	32.000000
94	124	13.000000
95	104	28.000000
96	100	10.000000
97	260	16.000000
98	106	12.000000
98	108	29.000000
99	109	24.000000
101	115	14.000000
102	107	24.000000
103	113	16.000000
103	114	62.000000
104	185	54.000000
105	124	31.000000
107	120	28.000000
108	112	113.000000
108	223	61.000000
109	179	28.000000
110	116	15.000000
110	119	39.000000
111	118	31.000000
112	223	174.000000
113	121	4.000000
113	241	91.000000
116	123	52.000000
116	253	2.000000
118	120	52.000000
125	184	94.000000
125	186	42.000000
125	203	110.000000
125	220	66.000000
125	225	116.000000
125	243	91.000000
126	154	6.000000
126	161	25.000000
126	217	16.000000
126	227	16.000000
127	135	20.000000
127	209	18.000000
128	143	18.000000
129	182	10.000000
129	204	12.000000
130	141	250.000000
130	155	204.000000
130	164	88.000000
131	186	24.000000
131	193	31.000000
132	191	24.000000
132	194	20.000000
133	198	9.000000
133	215	29.000000
134	194	26.000000
134	226	9.000000
135	136	16.000000
136	221	16.000000
137	150	30.000000
137	152	32.000000
137	222	22.000000
137	246	137.000000
137	256	168.000000
138	155	10.000000
138	255	2.000000
139	198	22.000000
140	180	10.000000
140	183	12.000000
140	188	41.000000
140	240	43.000000
141	149	82.000000
141	155	50.000000
141	163	20.000000
142	165	67.000000
142	189	86.000000
142	199	10.000000
142	209	74.000000
142	258	52.000000
143	200	21.000000
143	242	44.000000
144	206	44.000000
144	245	35.000000
145	147	27.000000
145	190	26.000000
146	180	28.000000
146	194	17.000000
147	199	21.000000
148	184	34.000000
148	197	66.000000
149	166	29.000000
149	241	88.000000
149	259	121.000000
150	206	105.000000
150	252	30.000000
151	219	4.000000
151	227	14.000000
152	196	21.000000
152	210	64.000000
152	246	119.000000
153	173	28.000000
153	212	24.000000
154	191	13.000000
156	167	52.000000
156	203	16.000000
157	211	7.000000
157	215	13.000000
157	240	6.000000
158	169	16.000000
158	196	10.000000
159	162	4.000000
159	249	17.000000
160	202	13.000000
161	214	16.000000
161	217	31.000000
161	227	31.000000
162	164	17.000000
163	171	21.000000
164	170	75.000000
164	192	23.000000
164	248	29.000000
164	251	37.000000
165	173	31.000000
165	189	73.000000
165	209	61.000000
165	258	39.000000
167	197	49.000000
168	190	84.000000
168	198	34.000000
168	216	67.000000
169	172	14.000000
170	248	70.000000
170	251	64.000000
171	204	16.000000
172	219	44.000000
172	226	13.000000
174	178	11.000000
174	217	8.000000
175	185	54.000000
175	224	31.000000
176	189	19.000000
176	228	27.000000
176	244	37.000000
177	192	22.000000
177	206	27.000000
178	218	20.000000
179	190	6.000000
181	207	68.000000
181	243	12.000000
182	214	18.000000
183	188	45.000000
183	224	6.000000
183	240	47.000000
184	186	62.000000
184	220	82.000000
186	220	34.000000
187	207	60.000000
188	194	26.000000
188	211	16.000000
188	240	18.000000
188	257	55.000000
189	209	80.000000
189	258	58.000000
193	212	40.000000
193	242	84.000000
194	211	28.000000
194	257	61.000000
195	218	28.000000
195	259	12.000000
200	208	23.000000
200	221	10.000000
200	242	35.000000
201	220	29.000000
202	225	40.000000
203	225	70.000000
203	243	45.000000
205	208	12.000000
205	223	21.000000
206	252	113.000000
209	258	36.000000
211	257	57.000000
212	242	108.000000
213	228	9.000000
217	227	22.000000
218	259	32.000000
225	243	51.000000
229	233	14.000000
230	231	31.000000
231	232	189.000000
232	233	28.000000
233	234	67.000000
235	237	67.000000
236	237	14.000000
238	239	12.000000
241	259	97.000000
246	256	127.000000
248	251	32.000000
